pen 10.999808 629.000358 376.000512 670.999896
pen 10.999808 543.999792 380.000256 580.99986
pen 14.000128 582.999648 382.000128 618.999822
pen 17.999872 685.0000080000001 384.0 708.999858
pen 24.000512 750.0002999999999 389.999616 795.000318
pen 30.000128 407.999844 357.999616 449.00028599999996
pen 39.000064 474.999924 348.000256 511.99999199999996
pen 387.00032 397.000212 424.999936 716.9998079999999
pen 430.000128 393.999732 460.99968 715.00002
pen 469.999616 378.999726 499.00032 738.99987
pen 510.000128 383.0001 542.000128 728.000238
pen 563.00032 391.00005 606.000128 695.99964
pen 636.99968 383.999994 682.000384 734.0004
