pen 260.48 481.280256 325.12 653.439744
pen 316.8 478.719744 356.48 653.439744
pen 348.8 447.99974399999996 679.68 483.84000000000003
pen 363.52 425.60025599999994 659.84 453.75974400000007
pen 364.8 490.88025600000003 408.32 658.5600000000001
pen 408.32 494.72025600000006 446.72 650.88
pen 445.44 485.120256 490.24 663.680256
pen 495.36 487.68 529.92 662.4000000000001
pen 535.04 489.59999999999997 569.6 656.000256
pen 572.16 489.59999999999997 609.28 658.5600000000001
pen 614.4 493.43999999999994 657.28 653.439744
pen 654.08 494.72025600000006 713.6 649.599744
