pen 0.0 416.64 108.16 767.360256
pen 8.96 203.52 119.68 394.23974400000003
pen 26.24 0.0 63.36 44.799744000000004
pen 32.64 355.839744 183.68 767.360256
pen 64.64 2.5597440000000002 105.6 54.399744
pen 64.64 0.0 139.52 166.400256
pen 98.56 154.880256 417.28 184.959744
pen 98.56 182.39999999999998 424.32 208.640256
pen 151.68 350.720256 280.32 767.360256
pen 206.08 0.0 290.56 85.760256
pen 207.36 219.519744 558.08 306.560256
pen 209.92 100.47974400000001 504.96 130.56
pen 209.92 129.279744 518.4 150.399744
pen 274.56 353.28000000000003 382.08 762.8797440000001
pen 275.84 0.0 331.52 81.920256
pen 323.84 3.84 376.32 103.040256
pen 371.2 1.280256 408.32 71.03999999999999
pen 392.32 348.800256 466.56 767.360256
pen 413.44 3.84 440.32 79.35974399999999
pen 446.72 0.0 470.4 78.08025599999999
pen 480.0 0.0 511.36 81.920256
pen 495.36 353.28000000000003 585.6 767.360256
pen 585.6 59.519999999999996 651.52 380.79974400000003
pen 613.12 370.56 700.8 767.360256
pen 713.6 321.279744 789.12 767.360256
pen 716.8 60.800256000000005 778.88 353.28000000000003
pen 826.24 354.560256 995.84 767.360256
pen 889.6 103.040256 965.12 301.44
