pen 15.38658 787.84 136.555166 824.32
pen 20.515439999999998 850.56 129.503088 903.04
pen 40.389668 728.32 150.659322 776.96
pen 73.086046 677.76 180.150476 723.2
pen 89.11341999999999 623.36 198.101068 695.04
pen 122.45101000000001 567.04 225.66858600000003 628.48
pen 169.89275600000002 521.6 260.929394 588.16
pen 178.22683999999998 487.04 417.358788 922.24
pen 192.331414 483.2 294.266984 528.64
pen 225.66858600000003 434.56 330.809798 483.2
pen 250.67167400000002 380.16 359.018528 430.72
pen 257.082958 330.88 376.328326 371.2
pen 282.086046 271.36 388.50926400000003 303.36
