pen 155.52 351.99974399999996 263.04 469.76025599999997
pen 159.36 245.76 234.88 410.24025599999993
pen 186.24 280.32 312.96 373.119744
pen 187.52 272.64 322.56 374.4
pen 207.36 158.720256 237.44 307.839744
pen 212.48 271.359744 360.96 333.44025600000003
pen 301.44 350.720256 360.96 529.280256
pen 307.84 204.800256 430.72 325.119744
pen 326.4 366.080256 376.32 536.960256
pen 404.48 266.88 461.44 444.159744
pen 424.32 407.04 492.8 556.8
pen 440.32 504.96 654.08 533.1202559999999
pen 454.4 596.480256 664.96 702.080256
pen 474.24 533.1202559999999 507.52 721.92
pen 503.68 266.88 554.88 440.319744
pen 511.36 74.240256 617.6 187.520256
pen 532.48 272.64 664.96 477.440256
pen 672.64 220.79999999999998 692.48 379.520256
pen 703.36 245.76 725.76 399.36
pen 720.64 260.480256 931.84 536.960256
