pen 0.64 37.119744 130.56 231.680256
pen 2.56 338.55974399999997 149.12 767.360256
pen 64.64 51.200256 159.36 231.680256
pen 105.6 18.560256000000003 200.96 228.48
pen 117.12 312.320256 278.4 759.039744
pen 145.28 11.52 237.44 219.519744
pen 196.48 11.52 281.6 220.79999999999998
pen 238.72 31.359744 328.96 225.920256
pen 288.0 40.959744 350.08 231.680256
pen 326.4 311.04 414.72 767.360256
pen 346.24 15.999744 396.16 243.20025599999997
pen 391.04 26.240256000000002 426.88 229.76025600000003
pen 429.44 21.12 469.12 227.199744
pen 467.84 22.400256 520.96 227.199744
pen 491.52 277.760256 610.56 764.16
pen 512.64 0.0 554.88 187.520256
pen 586.88 0.0 671.36 168.96
pen 648.96 332.15999999999997 819.84 767.360256
pen 670.08 0.0 730.88 173.43974400000002
pen 711.04 1.280256 786.56 198.399744
pen 765.44 0.0 824.96 186.24
pen 789.12 323.840256 987.52 757.760256
pen 803.84 0.0 869.76 194.55974399999997
pen 821.12 0.0 921.6 193.28025599999998
pen 865.92 0.0 971.52 181.119744
pen 903.04 288.0 1023.36 600.320256
pen 926.72 0.0 1023.36 193.28025599999998
pen 954.88 14.720256 1023.36 166.400256
pen 1003.52 275.199744 1023.36 318.71999999999997
